4294967279,385
4294967279,409
4294967278,488
4294967278,382
4294967278,26
4294967279,26
4294967279,17
4294967279,417
4294967279,472
4294967278,379
4294967278,372
4294967278,25
4294967278,247
4294967278,505
4294967279,234
4294967278,333
4294967278,355
4294967279,25
4294967278,381
4294967278,371
4294967279,269
4294967278,378
4294967279,459
4294967278,212
4294967278,211
4294967278,282
4294967279,300
4294967278,209
4294967278,208
4294967279,16
4294967279,253
4294967278,206
4294967279,207
4294967278,205
4294967279,284
4294967278,203
4294967278,202
4294967279,15
4294967279,14
4294967278,365
4294967279,387
4294967278,199
4294967279,200
4294967279,199
4294967278,197
4294967279,197
4294967278,195
4294967278,193
4294967279,194
4294967278,192
4294967279,192
4294967279,191
4294967278,189
4294967279,189
4294967279,188
4294967278,186
4294967278,184
4294967279,185
4294967278,183
4294967278,181
4294967279,182
4294967278,179
4294967279,402
4294967278,178
4294967279,179
4294967278,325
4294967279,247
4294967278,362
4294967279,177
4294967279,495
4294967279,175
4294967278,357
4294967294,68
4294967294,11
4294967279,85
4294967279,468
4294967278,132
4294967278,131
4294967278,130
4294967278,129
4294967278,128
4294967278,127
4294967278,126
4294967278,124
4294967278,123
4294967278,121
4294967278,120
4294967278,119
4294967278,118
4294967278,117
4294967278,116
4294967278,115
4294967278,114
4294967278,113
4294967278,109
4294967278,108
4294967278,106
4294967278,105
4294967278,104
4294967278,103
4294967278,102
4294967278,101
4294967278,100
4294967278,99
4294967278,98
4294967278,97
4294967278,96
4294967278,95
4294967278,94
4294967278,93
4294967278,92
4294967278,91
4294967278,90
4294967278,89
4294967278,87
4294967278,86
4294967278,85
4294967278,84
4294967278,83
4294967278,82
4294967278,81
4294967278,80
4294967278,79
4294967278,78
4294967278,77
4294967278,364
4294967278,76
4294967278,75
4294967278,74
4294967278,460
4294967278,73
4294967278,324
4294967278,72
4294967278,71
4294967278,304
4294967278,70
4294967278,222
4294967278,69
4294967278,68
4294967278,341
4294967278,67
4294967278,66
4294967278,65
4294967278,64
4294967278,63
4294967279,84
4294967279,82
4294967279,81
4294967279,80
4294967279,77
4294967279,71
4294967279,473
4294967279,70
4294967279,297
4294967279,69
4294967279,504
4294967279,68
4294967279,412
4294967279,296
4294967279,67
4294967279,66
4294967279,65
4294967279,64
4294967279,63
4294967279,62
4294967279,61
4294967279,60
4294967279,59
4294967279,58
4294967279,57
4294967279,56
4294967279,55
4294967279,54
4294967279,53
4294967279,52
4294967279,49
4294967279,47
4294967279,46
4294967279,44
4294967279,41
4294967279,35
4294967279,30
4294967279,27
4294967279,23
4294967279,4
4294967279,166
4294967279,165
4294967279,164
4294967279,163
4294967279,161
4294967278,376
4294967278,260
4294967279,148
4294967279,147
4294967279,146
4294967279,408
4294967278,137
4294967294,40
4294967294,38
4294967294,37
4294967279,32
4294967279,479
4294967278,344
4294967279,31
4294967279,500
4294967278,289
4294967278,308
4294967278,347
4294967294,405
4294967294,418
4294967279,141
4294967279,491
4294967278,275
4294967279,276
892,6
4294967278,278
892,5
4294967279,137
892,4
4294967278,136
892,3
892,2
892,1
4294967279,22
4294967279,486
4294967294,9
4294967279,21
4294967278,244
4294967279,395
4294967278,273
4294967294,41
4294967278,453
4294967279,18
4294967279,394
4294967279,270
4294967278,283
4294967278,269
4294967279,268
4294967278,268
4294967279,267
4294967278,266
4294967294,1087
4294967279,283
4294967279,9
4294967279,477
4294967279,398
889,6
4294967279,259
4294967294,1159
4294967279,261
4294967279,474
4294967279,425
4294967279,6
889,5
4294967279,279
889,4
4294967279,451
889,3
889,2
889,1
4294967278,230
4294967294,114
4294967278,370
4294967294,1423
4294967279,447
4294967278,369
888,4
888,3
888,2
888,1
4294967279,424
4294967278,368
4294967279,434
887,4
4294967278,380
887,3
887,2
887,1
4294967278,330
4294967279,432
4294967294,1166
4294967278,254
4294967294,1160
4294967279,294
4294967278,253
4294967279,397
4294967279,475
4294967278,252
886,6
4294967279,423
4294967279,134
4294967278,507
4294967279,421
4294967279,476
4294967278,506
4294967278,243
4294967294,1426
4294967294,1424
4294967279,244
4294967279,393
4294967278,241
4294967278,239
4294967278,238
4294967294,89
4294967279,235
4294967279,238
886,5
4294967278,237
886,4
4294967279,237
886,3
886,2
886,1
4294967278,235
4294967279,233
4294967278,231
4294967278,229
4294967294,1419
4294967278,225
884,4
4294967278,223
884,3
884,2
884,1
4294967278,496
4294967279,219
4294967279,420
883,6
4294967279,215
4294967279,222
883,5
883,4
883,3
883,2
883,1
4294967279,211
882,4
882,3
882,2
882,1
4294967278,467
4294967294,408
4294967294,395
4294967294,411
4294967294,385
4294967294,179
4294967294,1244
4294967294,419
4294967294,178
4294967294,1246
4294967294,423
4294967294,168
4294967294,116
4294967294,461
4294967294,459
4294967294,449
4294967278,483
4294967278,286
881,5
881,4
881,3
881,2
881,1
4294967278,471
4294967294,76
4294967294,1163
880,4
880,3
880,2
880,1
4294967278,305
0,7
4294967294,45
4294967294,44
4294967294,43
4294967294,53
4294967294,52
4294967294,51
4294967278,200
4294967294,83
4294967278,350
4294967278,348
4294967278,475
